0
0
0
0
0
0
0
0
0
0
0
0
0
0
0
0
0
0
0
0
0
0
0
0
0
0
0
0
0
0
0
0
0
0
0
0
0
0
0
0
0
0
0
0
0
0
0
0
0
0
0
0
0
0
0
0
0
0
0
0
0
0
0
0
0
0
0
0
0
0
0
0
0
0
0
0
0
0
0
0
0
0
0
0
0
0
0
0
0
0
0
0
0
0
0
0
0
0
0
0
0
0
0
0
0
0
0
0
0
0
0
0
0
0
3
3
3
2
38
39
40
41
1
1
0
0
0
0
0
0
3
3
3
23
26
1
1
1
1
1
0
0
0
0
0
0
3
3
3
24
26
1
1
1
1
1
0
0
0
0
0
0
3
3
3
25
27
7
10
12
1
1
0
0
0
0
0
0
3
28
35
2
1
8
15
13
1
1
0
0
0
0
0
0
3
29
36
2
1
8
15
13
1
1
0
0
0
0
0
0
3
30
37
2
1
9
11
14
1
1
0
0
0
0
0
0
3
3
3
2
1
1
1
1
1
1
0
0
0
0
0
0
3
3
3
2
21
1
1
1
1
1
0
0
0
0
0
0
3
3
3
2
22
1
1
1
1
1
0
0
0
0
0
0
3
3
6
2
17
19
1
1
1
1
0
0
0
0
0
0
3
3
3
2
18
20
1
1
1
1
0
0
0
0
0
0
0
0
0
0
0
0
0
0
0
0
0
0
0
0
0
0
0
0
0
0
0
0
0
0
0
0
0
0
0
0
0
0
0
0
0
0
0
0
0
0
0
0
0
0
0
0
0
0
0
0
0
0
0
0
0
0
0
0
0
0
0
0
0
0
0
0
0
0
0
0
0
0
0
0
0
0
0
0
0
0
0
0
0
0
0
0
0
0
0
0
0
0
0
0
0
0
0
0
0
0
0
0
0
0
0
0
0
0
0
0
0
0
0
0
0
0
0
0
0
0
0
0
0
0
0
0
0
0
0
0
0
0
0
0
0
0
0
0
0
0
0
0
0
0
0
0
0
0
0
0
0
0
0
0
0
0
0
0
