0
0
0
0
0
0
0
0
0
0
0
0
0
0
0
0
0
0
0
0
0
0
0
0
0
0
0
0
0
0
0
0
0
0
0
0
0
0
0
0
0
0
0
0
0
0
0
0
0
0
0
0
0
0
0
0
0
0
0
0
0
0
0
0
0
0
0
0
0
0
0
0
0
0
0
0
0
0
0
0
0
0
0
0
0
0
0
0
0
0
0
0
0
0
0
0
0
0
3
3
3
2
1
1
1
1
1
1
1
0
0
0
0
0
3
3
3
2
1
1
1
1
1
1
1
0
0
0
0
0
3
3
3
2
1
1
1
1
1
1
1
0
0
0
0
0
3
3
3
2
1
1
1
1
1
1
1
0
0
0
0
0
3
3
3
2
1
7
10
10
12
1
1
0
0
0
0
0
28
32
36
2
1
8
18
18
13
1
1
0
0
0
0
0
29
33
37
2
1
8
18
18
13
1
1
0
0
0
0
0
30
34
38
2
1
8
18
18
13
1
1
0
0
0
0
0
31
35
39
2
1
8
18
18
13
1
1
0
0
0
0
0
3
3
3
2
1
9
16
15
14
1
1
0
0
0
0
0
3
3
3
2
1
1
1
1
1
1
1
0
0
0
0
0
3
3
3
2
17
19
1
1
1
1
1
0
0
0
0
0
3
3
3
2
18
20
1
1
1
1
1
0
0
0
0
0
3
3
3
2
1
1
1
1
1
1
1
0
0
0
0
0
0
0
0
0
0
0
0
0
0
0
0
0
0
0
0
0
0
0
0
0
0
0
0
0
0
0
0
0
0
0
0
0
0
0
0
0
0
0
0
0
0
0
0
0
0
0
0
0
0
0
0
0
0
0
0
0
0
0
0
0
0
0
0
0
0
0
0
0
0
0
0
0
0
0
0
0
0
0
0
0
0
0
0
0
0
0
0
0
0
0
0
0
0
0
0
0
0
0
0
0
0
0
0
0
0
0
0
0
0
0
0
0
0
0
0
0
0
0
0
0
0
0
0
0
0
0
0
0
0
0
0
0
0
0
0
0
0
0
0
0
0
0
